With base heuristic:
   Final state is
 [[0 0 0 0 1 0 0 0]
 [1 0 0 0 0 0 0 0]
 [0 0 0 0 0 0 0 1]
 [0 0 0 0 0 1 0 0]
 [0 0 1 0 0 0 0 0]
 [0 0 0 0 0 0 1 0]
 [0 1 0 0 0 0 0 0]
 [0 0 0 1 0 0 0 0]] 
   Performance= 1965
With heuristic 1:
   Final state is
 [[0 0 0 0 0 0 0 1]
 [0 0 0 1 0 0 0 0]
 [1 0 0 0 0 0 0 0]
 [0 0 1 0 0 0 0 0]
 [0 0 0 0 0 1 0 0]
 [0 1 0 0 0 0 0 0]
 [0 0 0 0 0 0 1 0]
 [0 0 0 0 1 0 0 0]] 
   Performance= 86
With heuristic 2:
   Final state is
 [[1 0 0 0 0 0 0 0]
 [0 0 0 0 0 0 1 0]
 [0 0 0 0 1 0 0 0]
 [0 0 0 0 0 0 0 1]
 [0 1 0 0 0 0 0 0]
 [0 0 0 1 0 0 0 0]
 [0 0 0 0 0 1 0 0]
 [0 0 1 0 0 0 0 0]] 
   Performance= 113