[[0 0 0 0 0 0 0 0]
 [0 0 0 0 0 0 0 0]
 [0 0 0 0 0 0 0 0]
 [0 0 0 0 0 0 0 0]
 [0 0 0 0 0 0 0 0]
 [0 0 0 0 0 0 0 0]
 [0 0 0 0 0 0 0 0]
 [0 0 0 0 0 0 0 0]]
For h=0
[[0 0 0 0 0 0 0 1]
 [0 0 0 1 0 0 0 0]
 [1 0 0 0 0 0 0 0]
 [0 0 1 0 0 0 0 0]
 [0 0 0 0 0 1 0 0]
 [0 1 0 0 0 0 0 0]
 [0 0 0 0 0 0 1 0]
 [0 0 0 0 1 0 0 0]]
114
init state
[[0 0 0 0 0 0 0 0]
 [0 0 0 0 0 0 0 0]
 [0 0 0 0 0 0 0 0]
 [0 0 0 0 0 0 0 0]
 [0 0 0 0 0 0 0 0]
 [0 0 0 0 0 0 0 0]
 [0 0 0 0 0 0 0 0]
 [0 0 0 0 0 0 0 0]]
[[0 0 0 0 0 0 0 1]
 [0 0 0 1 0 0 0 0]
 [1 0 0 0 0 0 0 0]
 [0 0 1 0 0 0 0 0]
 [0 0 0 0 0 1 0 0]
 [0 1 0 0 0 0 0 0]
 [0 0 0 0 0 0 1 0]
 [0 0 0 0 1 0 0 0]]
1966
init state
[[0 0 0 0 0 0 0 0]
 [0 0 0 0 0 0 0 0]
 [0 0 0 0 0 0 0 0]
 [0 0 0 0 0 0 0 0]
 [0 0 0 0 0 0 0 0]
 [0 0 0 0 0 0 0 0]
 [0 0 0 0 0 0 0 0]
 [0 0 0 0 0 0 0 0]]
[[0 0 0 0 0 0 1 0]
 [0 0 0 1 0 0 0 0]
 [0 1 0 0 0 0 0 0]
 [0 0 0 0 0 0 0 1]
 [0 0 0 0 0 1 0 0]
 [1 0 0 0 0 0 0 0]
 [0 0 1 0 0 0 0 0]
 [0 0 0 0 1 0 0 0]]
1930