Output : 
 [[0 0 0 0 1 0 0 0]
 [0 0 0 0 0 0 1 0]
 [0 1 0 0 0 0 0 0]
 [0 0 0 0 0 1 0 0]
 [0 0 1 0 0 0 0 0]
 [1 0 0 0 0 0 0 0]
 [0 0 0 1 0 0 0 0]
 [0 0 0 0 0 0 0 1]] 

Nodes expanded :  1970 

Montonic :  True 

Output : 
 [[0 0 0 0 1 0 0 0]
 [0 0 0 0 0 0 1 0]
 [0 1 0 0 0 0 0 0]
 [0 0 0 0 0 1 0 0]
 [0 0 1 0 0 0 0 0]
 [1 0 0 0 0 0 0 0]
 [0 0 0 1 0 0 0 0]
 [0 0 0 0 0 0 0 1]] 

Nodes expanded :  1970 

Montonic :  True 

Output : 
 [[0 0 0 0 1 0 0 0]
 [0 0 0 0 0 0 1 0]
 [0 1 0 0 0 0 0 0]
 [0 0 0 0 0 1 0 0]
 [0 0 1 0 0 0 0 0]
 [1 0 0 0 0 0 0 0]
 [0 0 0 1 0 0 0 0]
 [0 0 0 0 0 0 0 1]] 

Nodes expanded :  1970 

Montonic :  True