Queen positions : [[0, 3], [1, 6], [2, 4], [3, 2], [4, 0], [5, 5], [6, 7], [7, 1]]
True
Path : [[], [[6, 7]], [[0, 3], [6, 7]], [[0, 3], [5, 5], [6, 7]], [[0, 3], [5, 5], [6, 7], [7, 1]], [[0, 3], [2, 4], [5, 5], [6, 7], [7, 1]], [[0, 3], [2, 4], [4, 0], [5, 5], [6, 7], [7, 1]], [[0, 3], [1, 6], [2, 4], [4, 0], [5, 5], [6, 7], [7, 1]], [[0, 3], [1, 6], [2, 4], [3, 2], [4, 0], [5, 5], [6, 7], [7, 1]]]
Performance :
261517
Queen positions : [[0, 4], [1, 6], [2, 1], [3, 3], [4, 7], [5, 0], [6, 2], [7, 5]]
True
Path:  [[], [[3, 3]], [[1, 6], [3, 3]], [[1, 6], [3, 3], [7, 5]], [[1, 6], [3, 3], [4, 7], [7, 5]], [[1, 6], [2, 1], [3, 3], [4, 7], [7, 5]], [[1, 6], [2, 1], [3, 3], [4, 7], [6, 2], [7, 5]], [[1, 6], [2, 1], [3, 3], [4, 7], [5, 0], [6, 2], [7, 5]], [[0, 4], [1, 6], [2, 1], [3, 3], [4, 7], [5, 0], [6, 2], [7, 5]]]
Performance: 
969
Queen positions : [[0, 2], [1, 5], [2, 3], [3, 0], [4, 7], [5, 4], [6, 6], [7, 1]]
True
Path : [[], [[3, 0]], [[2, 3], [3, 0]], [[2, 3], [3, 0], [5, 4]], [[1, 5], [2, 3], [3, 0], [5, 4]], [[1, 5], [2, 3], [3, 0], [4, 7], [5, 4]], [[1, 5], [2, 3], [3, 0], [4, 7], [5, 4], [7, 1]], [[0, 2], [1, 5], [2, 3], [3, 0], [4, 7], [5, 4], [7, 1]], [[0, 2], [1, 5], [2, 3], [3, 0], [4, 7], [5, 4], [6, 6], [7, 1]]]
Performance: 
322334